100
1,99
100,100
400,2908
2,4
6,10
8,4
1,10000
1,10000
1,10000
1,10000
1,10000
1,10000
1,10000
1,10000
1,10000
1,10000
1,10000
1,10000
1,10000
1,10000
1,10000
1,10000
1,10000
1,10000
1,10000
1,10000
1,10000
1,10000
1,10000
1,10000
1,10000
1,10000
1,10000
1,10000
1,10000
1,10000
1,10000
1,10000
1,10000
1,10000
1,10000
1,10000
1,10000
1,10000
1,10000
1,10000
1,10000
1,10000
1,10000
1,10000
1,10000
1,10000
1,10000
1,10000
1,10000
1,10000
1,10000
1,10000
1,10000
1,10000
1,10000
1,10000
1,10000
1,10000
1,10000
1,10000
1,10000
1,10000
1,10000
1,10000
1,10000
1,10000
1,10000
1,10000
1,10000
1,10000
1,10000
1,10000
1,10000
1,10000
1,10000
1,10000
1,10000
1,10000
1,10000
1,10000
1,10000
1,10000
1,10000
1,10000
1,10000
1,10000
1,10000
1,10000
1,10000
1,10000
1,10000
1,10000
1,10000
1,10000
1,10000
1,10000
1,10000
1,10000
1,10000
1,10000
1,10000
1,10000
1,10000
1,10000
1,10000
1,10000
1,10000
1,10000
1,10000
1,10000
1,10000
1,10000
1,10000
1,10000
1,10000
1,10000
1,10000
1,10000
1,10000
1,10000
1,10000
1,10000
1,10000
1,10000
1,10000
1,10000
1,10000
